# Profil Konsumsi Daya DMCM-WVAF (STM32F401CD)
# Data sensor: 78 sampel (Proteus Virtual Terminal)
# State: NORMAL=44.9% WARNING=23.1% DANGER=32.1%
# Kolom: Frekuensi_Sampling(Hz)  Window_Size(N)  Konsumsi_Arus(mA)
#
50	2.0	3.8222
50	2.3	3.8224
50	2.6	3.8226
50	2.9	3.8228
50	3.2	3.8230
50	3.5	3.8232
50	3.8	3.8233
50	4.1	3.8235
50	4.4	3.8237
50	4.7	3.8239
50	5.0	3.8241
50	5.3	3.8243
50	5.6	3.8245
50	5.9	3.8247
50	6.2	3.8249
50	6.5	3.8251
50	6.8	3.8253
50	7.1	3.8255
50	7.4	3.8257
50	7.7	3.8259
50	8.0	3.8260
50	8.3	3.8262
50	8.6	3.8264
50	8.9	3.8266
50	9.2	3.8268
50	9.5	3.8270
50	9.8	3.8272
50	10.1	3.8274
50	10.4	3.8276
50	10.7	3.8278
50	11.0	3.8280
50	11.3	3.8282
50	11.6	3.8284
50	11.9	3.8286
50	12.2	3.8287
50	12.5	3.8289
50	12.8	3.8291
50	13.1	3.8293
50	13.4	3.8295
50	13.7	3.8297
50	14.0	3.8299
50	14.3	3.8301
50	14.6	3.8303
50	14.9	3.8305
50	15.2	3.8307
50	15.5	3.8309
50	15.8	3.8311

60	2.0	3.8495
60	2.3	3.8497
60	2.6	3.8499
60	2.9	3.8501
60	3.2	3.8503
60	3.5	3.8505
60	3.8	3.8506
60	4.1	3.8508
60	4.4	3.8510
60	4.7	3.8512
60	5.0	3.8514
60	5.3	3.8516
60	5.6	3.8518
60	5.9	3.8520
60	6.2	3.8522
60	6.5	3.8524
60	6.8	3.8526
60	7.1	3.8528
60	7.4	3.8530
60	7.7	3.8532
60	8.0	3.8533
60	8.3	3.8535
60	8.6	3.8537
60	8.9	3.8539
60	9.2	3.8541
60	9.5	3.8543
60	9.8	3.8545
60	10.1	3.8547
60	10.4	3.8549
60	10.7	3.8551
60	11.0	3.8553
60	11.3	3.8555
60	11.6	3.8557
60	11.9	3.8559
60	12.2	3.8560
60	12.5	3.8562
60	12.8	3.8564
60	13.1	3.8566
60	13.4	3.8568
60	13.7	3.8570
60	14.0	3.8572
60	14.3	3.8574
60	14.6	3.8576
60	14.9	3.8578
60	15.2	3.8580
60	15.5	3.8582
60	15.8	3.8584

70	2.0	3.8758
70	2.3	3.8760
70	2.6	3.8762
70	2.9	3.8764
70	3.2	3.8765
70	3.5	3.8767
70	3.8	3.8769
70	4.1	3.8771
70	4.4	3.8773
70	4.7	3.8775
70	5.0	3.8777
70	5.3	3.8779
70	5.6	3.8781
70	5.9	3.8783
70	6.2	3.8785
70	6.5	3.8787
70	6.8	3.8789
70	7.1	3.8791
70	7.4	3.8792
70	7.7	3.8794
70	8.0	3.8796
70	8.3	3.8798
70	8.6	3.8800
70	8.9	3.8802
70	9.2	3.8804
70	9.5	3.8806
70	9.8	3.8808
70	10.1	3.8810
70	10.4	3.8812
70	10.7	3.8814
70	11.0	3.8816
70	11.3	3.8818
70	11.6	3.8819
70	11.9	3.8821
70	12.2	3.8823
70	12.5	3.8825
70	12.8	3.8827
70	13.1	3.8829
70	13.4	3.8831
70	13.7	3.8833
70	14.0	3.8835
70	14.3	3.8837
70	14.6	3.8839
70	14.9	3.8841
70	15.2	3.8843
70	15.5	3.8845
70	15.8	3.8846

80	2.0	3.9012
80	2.3	3.9014
80	2.6	3.9016
80	2.9	3.9018
80	3.2	3.9020
80	3.5	3.9022
80	3.8	3.9024
80	4.1	3.9026
80	4.4	3.9028
80	4.7	3.9030
80	5.0	3.9032
80	5.3	3.9034
80	5.6	3.9036
80	5.9	3.9037
80	6.2	3.9039
80	6.5	3.9041
80	6.8	3.9043
80	7.1	3.9045
80	7.4	3.9047
80	7.7	3.9049
80	8.0	3.9051
80	8.3	3.9053
80	8.6	3.9055
80	8.9	3.9057
80	9.2	3.9059
80	9.5	3.9061
80	9.8	3.9063
80	10.1	3.9064
80	10.4	3.9066
80	10.7	3.9068
80	11.0	3.9070
80	11.3	3.9072
80	11.6	3.9074
80	11.9	3.9076
80	12.2	3.9078
80	12.5	3.9080
80	12.8	3.9082
80	13.1	3.9084
80	13.4	3.9086
80	13.7	3.9088
80	14.0	3.9090
80	14.3	3.9091
80	14.6	3.9093
80	14.9	3.9095
80	15.2	3.9117
80	15.5	3.9171
80	15.8	3.9224

90	2.0	3.9260
90	2.3	3.9262
90	2.6	3.9264
90	2.9	3.9266
90	3.2	3.9268
90	3.5	3.9270
90	3.8	3.9272
90	4.1	3.9274
90	4.4	3.9275
90	4.7	3.9277
90	5.0	3.9279
90	5.3	3.9281
90	5.6	3.9283
90	5.9	3.9285
90	6.2	3.9287
90	6.5	3.9289
90	6.8	3.9291
90	7.1	3.9293
90	7.4	3.9295
90	7.7	3.9297
90	8.0	3.9299
90	8.3	3.9301
90	8.6	3.9302
90	8.9	3.9304
90	9.2	3.9306
90	9.5	3.9308
90	9.8	3.9310
90	10.1	3.9312
90	10.4	3.9314
90	10.7	3.9316
90	11.0	3.9318
90	11.3	3.9320
90	11.6	3.9322
90	11.9	3.9324
90	12.2	3.9346
90	12.5	3.9409
90	12.8	3.9473
90	13.1	3.9536
90	13.4	3.9601
90	13.7	3.9665
90	14.0	3.9730
90	14.3	3.9795
90	14.6	3.9860
90	14.9	3.9926
90	15.2	3.9992
90	15.5	4.0058
90	15.8	4.0124

100	2.0	3.9502
100	2.3	3.9504
100	2.6	3.9506
100	2.9	3.9508
100	3.2	3.9510
100	3.5	3.9511
100	3.8	3.9513
100	4.1	3.9515
100	4.4	3.9517
100	4.7	3.9519
100	5.0	3.9521
100	5.3	3.9523
100	5.6	3.9525
100	5.9	3.9527
100	6.2	3.9529
100	6.5	3.9531
100	6.8	3.9533
100	7.1	3.9535
100	7.4	3.9537
100	7.7	3.9538
100	8.0	3.9540
100	8.3	3.9542
100	8.6	3.9544
100	8.9	3.9546
100	9.2	3.9548
100	9.5	3.9550
100	9.8	3.9552
100	10.1	3.9612
100	10.4	3.9685
100	10.7	3.9760
100	11.0	3.9834
100	11.3	3.9909
100	11.6	3.9985
100	11.9	4.0061
100	12.2	4.0137
100	12.5	4.0213
100	12.8	4.0291
100	13.1	4.0368
100	13.4	4.0446
100	13.7	4.0524
100	14.0	4.0602
100	14.3	4.0681
100	14.6	4.0761
100	14.9	4.0840
100	15.2	4.0920
100	15.5	4.1000
100	15.8	4.1081

110	2.0	3.9738
110	2.3	3.9740
110	2.6	3.9742
110	2.9	3.9744
110	3.2	3.9746
110	3.5	3.9748
110	3.8	3.9750
110	4.1	3.9752
110	4.4	3.9754
110	4.7	3.9756
110	5.0	3.9758
110	5.3	3.9760
110	5.6	3.9761
110	5.9	3.9763
110	6.2	3.9765
110	6.5	3.9767
110	6.8	3.9769
110	7.1	3.9771
110	7.4	3.9773
110	7.7	3.9775
110	8.0	3.9777
110	8.3	3.9830
110	8.6	3.9915
110	8.9	3.9999
110	9.2	4.0085
110	9.5	4.0171
110	9.8	4.0258
110	10.1	4.0345
110	10.4	4.0433
110	10.7	4.0521
110	11.0	4.0610
110	11.3	4.0699
110	11.6	4.0789
110	11.9	4.0879
110	12.2	4.0970
110	12.5	4.1061
110	12.8	4.1153
110	13.1	4.1245
110	13.4	4.1338
110	13.7	4.1431
110	14.0	4.1525
110	14.3	4.1619
110	14.6	4.1713
110	14.9	4.1808
110	15.2	4.1903
110	15.5	4.1999
110	15.8	4.2095

120	2.0	3.9970
120	2.3	3.9972
120	2.6	3.9974
120	2.9	3.9976
120	3.2	3.9978
120	3.5	3.9980
120	3.8	3.9982
120	4.1	3.9984
120	4.4	3.9986
120	4.7	3.9988
120	5.0	3.9990
120	5.3	3.9992
120	5.6	3.9993
120	5.9	3.9995
120	6.2	3.9997
120	6.5	3.9999
120	6.8	4.0028
120	7.1	4.0122
120	7.4	4.0217
120	7.7	4.0314
120	8.0	4.0411
120	8.3	4.0509
120	8.6	4.0608
120	8.9	4.0707
120	9.2	4.0807
120	9.5	4.0908
120	9.8	4.1010
120	10.1	4.1112
120	10.4	4.1215
120	10.7	4.1318
120	11.0	4.1423
120	11.3	4.1527
120	11.6	4.1633
120	11.9	4.1739
120	12.2	4.1845
120	12.5	4.1953
120	12.8	4.2060
120	13.1	4.2168
120	13.4	4.2277
120	13.7	4.2387
120	14.0	4.2496
120	14.3	4.2607
120	14.6	4.2718
120	14.9	4.2829
120	15.2	4.2941
120	15.5	4.3054
120	15.8	4.3166

130	2.0	4.0198
130	2.3	4.0200
130	2.6	4.0202
130	2.9	4.0204
130	3.2	4.0206
130	3.5	4.0208
130	3.8	4.0210
130	4.1	4.0212
130	4.4	4.0214
130	4.7	4.0216
130	5.0	4.0217
130	5.3	4.0219
130	5.6	4.0233
130	5.9	4.0337
130	6.2	4.0443
130	6.5	4.0550
130	6.8	4.0658
130	7.1	4.0767
130	7.4	4.0878
130	7.7	4.0989
130	8.0	4.1102
130	8.3	4.1215
130	8.6	4.1329
130	8.9	4.1444
130	9.2	4.1560
130	9.5	4.1677
130	9.8	4.1795
130	10.1	4.1913
130	10.4	4.2033
130	10.7	4.2153
130	11.0	4.2273
130	11.3	4.2395
130	11.6	4.2517
130	11.9	4.2640
130	12.2	4.2763
130	12.5	4.2887
130	12.8	4.3012
130	13.1	4.3138
130	13.4	4.3264
130	13.7	4.3391
130	14.0	4.3518
130	14.3	4.3646
130	14.6	4.3775
130	14.9	4.3904
130	15.2	4.4034
130	15.5	4.4164
130	15.8	4.4295

140	2.0	4.0422
140	2.3	4.0424
140	2.6	4.0426
140	2.9	4.0428
140	3.2	4.0430
140	3.5	4.0432
140	3.8	4.0434
140	4.1	4.0436
140	4.4	4.0438
140	4.7	4.0476
140	5.0	4.0590
140	5.3	4.0706
140	5.6	4.0824
140	5.9	4.0944
140	6.2	4.1065
140	6.5	4.1187
140	6.8	4.1311
140	7.1	4.1436
140	7.4	4.1563
140	7.7	4.1690
140	8.0	4.1819
140	8.3	4.1949
140	8.6	4.2080
140	8.9	4.2212
140	9.2	4.2345
140	9.5	4.2479
140	9.8	4.2613
140	10.1	4.2749
140	10.4	4.2886
140	10.7	4.3023
140	11.0	4.3162
140	11.3	4.3301
140	11.6	4.3441
140	11.9	4.3582
140	12.2	4.3724
140	12.5	4.3866
140	12.8	4.4009
140	13.1	4.4153
140	13.4	4.4298
140	13.7	4.4444
140	14.0	4.4590
140	14.3	4.4737
140	14.6	4.4884
140	14.9	4.5033
140	15.2	4.5182
140	15.5	4.5331
140	15.8	4.5482

150	2.0	4.0643
150	2.3	4.0645
150	2.6	4.0647
150	2.9	4.0649
150	3.2	4.0651
150	3.5	4.0653
150	3.8	4.0668
150	4.1	4.0789
150	4.4	4.0913
150	4.7	4.1040
150	5.0	4.1169
150	5.3	4.1301
150	5.6	4.1434
150	5.9	4.1570
150	6.2	4.1707
150	6.5	4.1846
150	6.8	4.1987
150	7.1	4.2129
150	7.4	4.2272
150	7.7	4.2417
150	8.0	4.2563
150	8.3	4.2710
150	8.6	4.2859
150	8.9	4.3009
150	9.2	4.3160
150	9.5	4.3312
150	9.8	4.3465
150	10.1	4.3619
150	10.4	4.3775
150	10.7	4.3931
150	11.0	4.4088
150	11.3	4.4246
150	11.6	4.4406
150	11.9	4.4566
150	12.2	4.4727
150	12.5	4.4889
150	12.8	4.5051
150	13.1	4.5215
150	13.4	4.5380
150	13.7	4.5545
150	14.0	4.5711
150	14.3	4.5878
150	14.6	4.6046
150	14.9	4.6215
150	15.2	4.6384
150	15.5	4.6555
150	15.8	4.6726

160	2.0	4.0861
160	2.3	4.0863
160	2.6	4.0865
160	2.9	4.0867
160	3.2	4.0943
160	3.5	4.1070
160	3.8	4.1202
160	4.1	4.1338
160	4.4	4.1477
160	4.7	4.1620
160	5.0	4.1765
160	5.3	4.1913
160	5.6	4.2064
160	5.9	4.2216
160	6.2	4.2370
160	6.5	4.2527
160	6.8	4.2685
160	7.1	4.2845
160	7.4	4.3006
160	7.7	4.3170
160	8.0	4.3334
160	8.3	4.3500
160	8.6	4.3668
160	8.9	4.3836
160	9.2	4.4007
160	9.5	4.4178
160	9.8	4.4350
160	10.1	4.4524
160	10.4	4.4699
160	10.7	4.4875
160	11.0	4.5053
160	11.3	4.5231
160	11.6	4.5410
160	11.9	4.5591
160	12.2	4.5772
160	12.5	4.5955
160	12.8	4.6139
160	13.1	4.6323
160	13.4	4.6509
160	13.7	4.6695
160	14.0	4.6883
160	14.3	4.7071
160	14.6	4.7260
160	14.9	4.7451
160	15.2	4.7642
160	15.5	4.7834
160	15.8	4.8027

170	2.0	4.1076
170	2.3	4.1082
170	2.6	4.1197
170	2.9	4.1324
170	3.2	4.1460
170	3.5	4.1602
170	3.8	4.1749
170	4.1	4.1901
170	4.4	4.2057
170	4.7	4.2216
170	5.0	4.2378
170	5.3	4.2544
170	5.6	4.2712
170	5.9	4.2882
170	6.2	4.3055
170	6.5	4.3230
170	6.8	4.3406
170	7.1	4.3585
170	7.4	4.3766
170	7.7	4.3948
170	8.0	4.4132
170	8.3	4.4318
170	8.6	4.4505
170	8.9	4.4694
170	9.2	4.4884
170	9.5	4.5076
170	9.8	4.5269
170	10.1	4.5464
170	10.4	4.5660
170	10.7	4.5857
170	11.0	4.6055
170	11.3	4.6255
170	11.6	4.6456
170	11.9	4.6658
170	12.2	4.6861
170	12.5	4.7065
170	12.8	4.7271
170	13.1	4.7478
170	13.4	4.7685
170	13.7	4.7894
170	14.0	4.8104
170	14.3	4.8315
170	14.6	4.8527
170	14.9	4.8740
170	15.2	4.8955
170	15.5	4.9170
170	15.8	4.9386

180	2.0	4.1470
180	2.3	4.1570
180	2.6	4.1697
180	2.9	4.1838
180	3.2	4.1989
180	3.5	4.2147
180	3.8	4.2310
180	4.1	4.2479
180	4.4	4.2652
180	4.7	4.2829
180	5.0	4.3009
180	5.3	4.3193
180	5.6	4.3379
180	5.9	4.3568
180	6.2	4.3760
180	6.5	4.3954
180	6.8	4.4151
180	7.1	4.4350
180	7.4	4.4550
180	7.7	4.4753
180	8.0	4.4958
180	8.3	4.5164
180	8.6	4.5372
180	8.9	4.5582
180	9.2	4.5794
180	9.5	4.6007
180	9.8	4.6222
180	10.1	4.6438
180	10.4	4.6656
180	10.7	4.6875
180	11.0	4.7096
180	11.3	4.7318
180	11.6	4.7541
180	11.9	4.7766
180	12.2	4.7992
180	12.5	4.8220
180	12.8	4.8448
180	13.1	4.8678
180	13.4	4.8910
180	13.7	4.9142
180	14.0	4.9376
180	14.3	4.9611
180	14.6	4.9847
180	14.9	5.0084
180	15.2	5.0322
180	15.5	5.0562
180	15.8	5.0803

190	2.0	4.1958
190	2.3	4.2068
190	2.6	4.2209
190	2.9	4.2364
190	3.2	4.2531
190	3.5	4.2705
190	3.8	4.2885
190	4.1	4.3071
190	4.4	4.3262
190	4.7	4.3458
190	5.0	4.3657
190	5.3	4.3860
190	5.6	4.4066
190	5.9	4.4275
190	6.2	4.4487
190	6.5	4.4701
190	6.8	4.4918
190	7.1	4.5138
190	7.4	4.5360
190	7.7	4.5584
190	8.0	4.5810
190	8.3	4.6038
190	8.6	4.6269
190	8.9	4.6501
190	9.2	4.6735
190	9.5	4.6970
190	9.8	4.7208
190	10.1	4.7447
190	10.4	4.7688
190	10.7	4.7930
190	11.0	4.8175
190	11.3	4.8420
190	11.6	4.8667
190	11.9	4.8916
190	12.2	4.9166
190	12.5	4.9418
190	12.8	4.9671
190	13.1	4.9926
190	13.4	5.0181
190	13.7	5.0439
190	14.0	5.0697
190	14.3	5.0957
190	14.6	5.1219
190	14.9	5.1481
190	15.2	5.1745
190	15.5	5.2010
190	15.8	5.2277

200	2.0	4.2456
200	2.3	4.2576
200	2.6	4.2731
200	2.9	4.2902
200	3.2	4.3085
200	3.5	4.3276
200	3.8	4.3474
200	4.1	4.3679
200	4.4	4.3889
200	4.7	4.4103
200	5.0	4.4322
200	5.3	4.4545
200	5.6	4.4772
200	5.9	4.5001
200	6.2	4.5234
200	6.5	4.5470
200	6.8	4.5709
200	7.1	4.5951
200	7.4	4.6195
200	7.7	4.6441
200	8.0	4.6690
200	8.3	4.6941
200	8.6	4.7194
200	8.9	4.7449
200	9.2	4.7707
200	9.5	4.7966
200	9.8	4.8228
200	10.1	4.8491
200	10.4	4.8756
200	10.7	4.9023
200	11.0	4.9291
200	11.3	4.9562
200	11.6	4.9834
200	11.9	5.0108
200	12.2	5.0383
200	12.5	5.0660
200	12.8	5.0939
200	13.1	5.1219
200	13.4	5.1501
200	13.7	5.1784
200	14.0	5.2069
200	14.3	5.2355
200	14.6	5.2643
200	14.9	5.2932
200	15.2	5.3223
200	15.5	5.3515
200	15.8	5.3809

210	2.0	4.2964
210	2.3	4.3095
210	2.6	4.3265
210	2.9	4.3452
210	3.2	4.3651
210	3.5	4.3860
210	3.8	4.4077
210	4.1	4.4301
210	4.4	4.4531
210	4.7	4.4765
210	5.0	4.5005
210	5.3	4.5249
210	5.6	4.5497
210	5.9	4.5748
210	6.2	4.6003
210	6.5	4.6262
210	6.8	4.6523
210	7.1	4.6787
210	7.4	4.7055
210	7.7	4.7324
210	8.0	4.7597
210	8.3	4.7872
210	8.6	4.8149
210	8.9	4.8429
210	9.2	4.8711
210	9.5	4.8995
210	9.8	4.9281
210	10.1	4.9569
210	10.4	4.9860
210	10.7	5.0152
210	11.0	5.0447
210	11.3	5.0743
210	11.6	5.1041
210	11.9	5.1341
210	12.2	5.1643
210	12.5	5.1946
210	12.8	5.2252
210	13.1	5.2559
210	13.4	5.2868
210	13.7	5.3178
210	14.0	5.3491
210	14.3	5.3804
210	14.6	5.4120
210	14.9	5.4437
210	15.2	5.4756
210	15.5	5.5076
210	15.8	5.5398

220	2.0	4.3482
220	2.3	4.3625
220	2.6	4.3810
220	2.9	4.4013
220	3.2	4.4231
220	3.5	4.4458
220	3.8	4.4695
220	4.1	4.4938
220	4.4	4.5189
220	4.7	4.5444
220	5.0	4.5706
220	5.3	4.5971
220	5.6	4.6241
220	5.9	4.6516
220	6.2	4.6794
220	6.5	4.7075
220	6.8	4.7360
220	7.1	4.7648
220	7.4	4.7940
220	7.7	4.8234
220	8.0	4.8531
220	8.3	4.8831
220	8.6	4.9133
220	8.9	4.9438
220	9.2	4.9746
220	9.5	5.0056
220	9.8	5.0368
220	10.1	5.0683
220	10.4	5.1000
220	10.7	5.1319
220	11.0	5.1640
220	11.3	5.1963
220	11.6	5.2289
220	11.9	5.2616
220	12.2	5.2945
220	12.5	5.3277
220	12.8	5.3610
220	13.1	5.3945
220	13.4	5.4282
220	13.7	5.4621
220	14.0	5.4962
220	14.3	5.5305
220	14.6	5.5649
220	14.9	5.5995
220	15.2	5.6343
220	15.5	5.6693
220	15.8	5.7044

230	2.0	4.4011
230	2.3	4.4166
230	2.6	4.4366
230	2.9	4.4587
230	3.2	4.4823
230	3.5	4.5070
230	3.8	4.5326
230	4.1	4.5591
230	4.4	4.5862
230	4.7	4.6140
230	5.0	4.6424
230	5.3	4.6712
230	5.6	4.7006
230	5.9	4.7303
230	6.2	4.7605
230	6.5	4.7911
230	6.8	4.8221
230	7.1	4.8534
230	7.4	4.8850
230	7.7	4.9170
230	8.0	4.9493
230	8.3	4.9819
230	8.6	5.0147
230	8.9	5.0479
230	9.2	5.0813
230	9.5	5.1150
230	9.8	5.1489
230	10.1	5.1831
230	10.4	5.2176
230	10.7	5.2522
230	11.0	5.2871
230	11.3	5.3223
230	11.6	5.3577
230	11.9	5.3933
230	12.2	5.4291
230	12.5	5.4651
230	12.8	5.5013
230	13.1	5.5378
230	13.4	5.5745
230	13.7	5.6113
230	14.0	5.6484
230	14.3	5.6856
230	14.6	5.7231
230	14.9	5.7607
230	15.2	5.7986
230	15.5	5.8366
230	15.8	5.8748

240	2.0	4.4549
240	2.3	4.4717
240	2.6	4.4933
240	2.9	4.5172
240	3.2	4.5427
240	3.5	4.5695
240	3.8	4.5972
240	4.1	4.6258
240	4.4	4.6552
240	4.7	4.6853
240	5.0	4.7159
240	5.3	4.7472
240	5.6	4.7789
240	5.9	4.8112
240	6.2	4.8438
240	6.5	4.8769
240	6.8	4.9105
240	7.1	4.9444
240	7.4	4.9786
240	7.7	5.0132
240	8.0	5.0482
240	8.3	5.0835
240	8.6	5.1191
240	8.9	5.1549
240	9.2	5.1911
240	9.5	5.2276
240	9.8	5.2644
240	10.1	5.3014
240	10.4	5.3387
240	10.7	5.3763
240	11.0	5.4141
240	11.3	5.4522
240	11.6	5.4905
240	11.9	5.5291
240	12.2	5.5679
240	12.5	5.6069
240	12.8	5.6462
240	13.1	5.6857
240	13.4	5.7254
240	13.7	5.7654
240	14.0	5.8055
240	14.3	5.8459
240	14.6	5.8865
240	14.9	5.9273
240	15.2	5.9683
240	15.5	6.0096
240	15.8	6.0510

250	2.0	4.5098
250	2.3	4.5279
250	2.6	4.5512
250	2.9	4.5770
250	3.2	4.6045
250	3.5	4.6333
250	3.8	4.6632
250	4.1	4.6941
250	4.4	4.7258
250	4.7	4.7582
250	5.0	4.7913
250	5.3	4.8250
250	5.6	4.8592
250	5.9	4.8940
250	6.2	4.9293
250	6.5	4.9650
250	6.8	5.0012
250	7.1	5.0378
250	7.4	5.0747
250	7.7	5.1121
250	8.0	5.1498
250	8.3	5.1879
250	8.6	5.2263
250	8.9	5.2651
250	9.2	5.3042
250	9.5	5.3435
250	9.8	5.3832
250	10.1	5.4232
250	10.4	5.4635
250	10.7	5.5041
250	11.0	5.5449
250	11.3	5.5860
250	11.6	5.6274
250	11.9	5.6691
250	12.2	5.7110
250	12.5	5.7532
250	12.8	5.7956
250	13.1	5.8382
250	13.4	5.8811
250	13.7	5.9243
250	14.0	5.9677
250	14.3	6.0113
250	14.6	6.0552
250	14.9	6.0993
250	15.2	6.1436
250	15.5	6.1881
250	15.8	6.2329

260	2.0	4.5657
260	2.3	4.5852
260	2.6	4.6103
260	2.9	4.6380
260	3.2	4.6675
260	3.5	4.6985
260	3.8	4.7307
260	4.1	4.7639
260	4.4	4.7980
260	4.7	4.8328
260	5.0	4.8684
260	5.3	4.9047
260	5.6	4.9415
260	5.9	4.9789
260	6.2	5.0169
260	6.5	5.0553
260	6.8	5.0942
260	7.1	5.1336
260	7.4	5.1734
260	7.7	5.2136
260	8.0	5.2542
260	8.3	5.2952
260	8.6	5.3365
260	8.9	5.3783
260	9.2	5.4203
260	9.5	5.4627
260	9.8	5.5055
260	10.1	5.5485
260	10.4	5.5919
260	10.7	5.6356
260	11.0	5.6795
260	11.3	5.7238
260	11.6	5.7684
260	11.9	5.8132
260	12.2	5.8584
260	12.5	5.9038
260	12.8	5.9495
260	13.1	5.9954
260	13.4	6.0416
260	13.7	6.0881
260	14.0	6.1348
260	14.3	6.1818
260	14.6	6.2291
260	14.9	6.2766
260	15.2	6.3243
260	15.5	6.3723
260	15.8	6.4205

270	2.0	4.6227
270	2.3	4.6436
270	2.6	4.6704
270	2.9	4.7002
270	3.2	4.7318
270	3.5	4.7651
270	3.8	4.7996
270	4.1	4.8352
270	4.4	4.8718
270	4.7	4.9092
270	5.0	4.9473
270	5.3	4.9862
270	5.6	5.0258
270	5.9	5.0659
270	6.2	5.1066
270	6.5	5.1479
270	6.8	5.1896
270	7.1	5.2319
270	7.4	5.2746
270	7.7	5.3177
270	8.0	5.3613
270	8.3	5.4053
270	8.6	5.4497
270	8.9	5.4945
270	9.2	5.5397
270	9.5	5.5852
270	9.8	5.6311
270	10.1	5.6773
270	10.4	5.7238
270	10.7	5.7707
270	11.0	5.8180
270	11.3	5.8655
270	11.6	5.9134
270	11.9	5.9615
270	12.2	6.0100
270	12.5	6.0588
270	12.8	6.1079
270	13.1	6.1572
270	13.4	6.2068
270	13.7	6.2568
270	14.0	6.3070
270	14.3	6.3574
270	14.6	6.4082
270	14.9	6.4592
270	15.2	6.5105
270	15.5	6.5620
270	15.8	6.6138

280	2.0	4.6807
280	2.3	4.7030
280	2.6	4.7318
280	2.9	4.7636
280	3.2	4.7975
280	3.5	4.8330
280	3.8	4.8699
280	4.1	4.9080
280	4.4	4.9472
280	4.7	4.9872
280	5.0	5.0280
280	5.3	5.0697
280	5.6	5.1120
280	5.9	5.1549
280	6.2	5.1985
280	6.5	5.2427
280	6.8	5.2874
280	7.1	5.3326
280	7.4	5.3783
280	7.7	5.4245
280	8.0	5.4712
280	8.3	5.5183
280	8.6	5.5658
280	8.9	5.6138
280	9.2	5.6621
280	9.5	5.7109
280	9.8	5.7600
280	10.1	5.8095
280	10.4	5.8594
280	10.7	5.9096
280	11.0	5.9602
280	11.3	6.0112
280	11.6	6.0624
280	11.9	6.1140
280	12.2	6.1660
280	12.5	6.2182
280	12.8	6.2708
280	13.1	6.3236
280	13.4	6.3768
280	13.7	6.4303
280	14.0	6.4841
280	14.3	6.5382
280	14.6	6.5926
280	14.9	6.6472
280	15.2	6.7022
280	15.5	6.7574
280	15.8	6.8129

290	2.0	4.7398
290	2.3	4.7636
290	2.6	4.7943
290	2.9	4.8282
290	3.2	4.8644
290	3.5	4.9023
290	3.8	4.9417
290	4.1	4.9824
290	4.4	5.0242
290	4.7	5.0669
290	5.0	5.1105
290	5.3	5.1549
290	5.6	5.2001
290	5.9	5.2460
290	6.2	5.2925
290	6.5	5.3397
290	6.8	5.3874
290	7.1	5.4357
290	7.4	5.4846
290	7.7	5.5339
290	8.0	5.5838
290	8.3	5.6341
290	8.6	5.6849
290	8.9	5.7361
290	9.2	5.7878
290	9.5	5.8399
290	9.8	5.8924
290	10.1	5.9453
290	10.4	5.9986
290	10.7	6.0523
290	11.0	6.1063
290	11.3	6.1607
290	11.6	6.2155
290	11.9	6.2707
290	12.2	6.3262
290	12.5	6.3820
290	12.8	6.4382
290	13.1	6.4947
290	13.4	6.5515
290	13.7	6.6087
290	14.0	6.6662
290	14.3	6.7240
290	14.6	6.7821
290	14.9	6.8406
290	15.2	6.8993
290	15.5	6.9584
290	15.8	7.0177

300	2.0	4.7999
300	2.3	4.8252
300	2.6	4.8579
300	2.9	4.8940
300	3.2	4.9326
300	3.5	4.9730
300	3.8	5.0150
300	4.1	5.0583
300	4.4	5.1028
300	4.7	5.1483
300	5.0	5.1948
300	5.3	5.2421
300	5.6	5.2903
300	5.9	5.3391
300	6.2	5.3887
300	6.5	5.4390
300	6.8	5.4899
300	7.1	5.5413
300	7.4	5.5934
300	7.7	5.6460
300	8.0	5.6991
300	8.3	5.7528
300	8.6	5.8069
300	8.9	5.8615
300	9.2	5.9166
300	9.5	5.9721
300	9.8	6.0281
300	10.1	6.0845
300	10.4	6.1413
300	10.7	6.1986
300	11.0	6.2562
300	11.3	6.3142
300	11.6	6.3727
300	11.9	6.4315
300	12.2	6.4906
300	12.5	6.5502
300	12.8	6.6101
300	13.1	6.6704
300	13.4	6.7310
300	13.7	6.7920
300	14.0	6.8533
300	14.3	6.9150
300	14.6	6.9770
300	14.9	7.0393
300	15.2	7.1020
300	15.5	7.1650
300	15.8	7.2283

310	2.0	4.8611
310	2.3	4.8880
310	2.6	4.9227
310	2.9	4.9611
310	3.2	5.0021
310	3.5	5.0450
310	3.8	5.0897
310	4.1	5.1357
310	4.4	5.1830
310	4.7	5.2314
310	5.0	5.2808
310	5.3	5.3312
310	5.6	5.3824
310	5.9	5.4343
310	6.2	5.4871
310	6.5	5.5405
310	6.8	5.5946
310	7.1	5.6494
310	7.4	5.7048
310	7.7	5.7607
310	8.0	5.8172
310	8.3	5.8743
310	8.6	5.9319
310	8.9	5.9900
310	9.2	6.0486
310	9.5	6.1076
310	9.8	6.1672
310	10.1	6.2272
310	10.4	6.2877
310	10.7	6.3486
310	11.0	6.4099
310	11.3	6.4717
310	11.6	6.5338
310	11.9	6.5964
310	12.2	6.6594
310	12.5	6.7228
310	12.8	6.7865
310	13.1	6.8507
310	13.4	6.9152
310	13.7	6.9801
310	14.0	7.0454
310	14.3	7.1110
310	14.6	7.1770
310	14.9	7.2434
310	15.2	7.3101
310	15.5	7.3771
310	15.8	7.4445

320	2.0	4.9233
320	2.3	4.9519
320	2.6	4.9887
320	2.9	5.0294
320	3.2	5.0729
320	3.5	5.1185
320	3.8	5.1658
320	4.1	5.2147
320	4.4	5.2649
320	4.7	5.3162
320	5.0	5.3687
320	5.3	5.4221
320	5.6	5.4764
320	5.9	5.5316
320	6.2	5.5876
320	6.5	5.6443
320	6.8	5.7017
320	7.1	5.7599
320	7.4	5.8186
320	7.7	5.8780
320	8.0	5.9381
320	8.3	5.9986
320	8.6	6.0598
320	8.9	6.1215
320	9.2	6.1837
320	9.5	6.2464
320	9.8	6.3097
320	10.1	6.3734
320	10.4	6.4376
320	10.7	6.5023
320	11.0	6.5674
320	11.3	6.6330
320	11.6	6.6991
320	11.9	6.7655
320	12.2	6.8324
320	12.5	6.8997
320	12.8	6.9675
320	13.1	7.0356
320	13.4	7.1042
320	13.7	7.1731
320	14.0	7.2424
320	14.3	7.3122
320	14.6	7.3823
320	14.9	7.4528
320	15.2	7.5236
320	15.5	7.5949
320	15.8	7.6665

330	2.0	4.9866
330	2.3	5.0168
330	2.6	5.0558
330	2.9	5.0990
330	3.2	5.1450
330	3.5	5.1933
330	3.8	5.2434
330	4.1	5.2952
330	4.4	5.3483
330	4.7	5.4027
330	5.0	5.4583
330	5.3	5.5149
330	5.6	5.5724
330	5.9	5.6309
330	6.2	5.6902
330	6.5	5.7503
330	6.8	5.8112
330	7.1	5.8728
330	7.4	5.9351
330	7.7	5.9980
330	8.0	6.0616
330	8.3	6.1258
330	8.6	6.1906
330	8.9	6.2560
330	9.2	6.3220
330	9.5	6.3885
330	9.8	6.4555
330	10.1	6.5231
330	10.4	6.5911
330	10.7	6.6597
330	11.0	6.7288
330	11.3	6.7983
330	11.6	6.8683
330	11.9	6.9388
330	12.2	7.0097
330	12.5	7.0811
330	12.8	7.1529
330	13.1	7.2252
330	13.4	7.2978
330	13.7	7.3709
330	14.0	7.4445
330	14.3	7.5184
330	14.6	7.5928
330	14.9	7.6675
330	15.2	7.7427
330	15.5	7.8182
330	15.8	7.8942

340	2.0	5.0509
340	2.3	5.0829
340	2.6	5.1241
340	2.9	5.1697
340	3.2	5.2184
340	3.5	5.2694
340	3.8	5.3225
340	4.1	5.3772
340	4.4	5.4334
340	4.7	5.4910
340	5.0	5.5497
340	5.3	5.6096
340	5.6	5.6704
340	5.9	5.7323
340	6.2	5.7950
340	6.5	5.8586
340	6.8	5.9230
340	7.1	5.9882
340	7.4	6.0541
340	7.7	6.1207
340	8.0	6.1879
340	8.3	6.2559
340	8.6	6.3245
340	8.9	6.3936
340	9.2	6.4634
340	9.5	6.5338
340	9.8	6.6047
340	10.1	6.6762
340	10.4	6.7483
340	10.7	6.8208
340	11.0	6.8939
340	11.3	6.9675
340	11.6	7.0416
340	11.9	7.1162
340	12.2	7.1913
340	12.5	7.2668
340	12.8	7.3428
340	13.1	7.4193
340	13.4	7.4963
340	13.7	7.5736
340	14.0	7.6515
340	14.3	7.7297
340	14.6	7.8085
340	14.9	7.8876
340	15.2	7.9672
340	15.5	8.0471
340	15.8	8.1275

350	2.0	5.1163
350	2.3	5.1501
350	2.6	5.1936
350	2.9	5.2417
350	3.2	5.2931
350	3.5	5.3470
350	3.8	5.4030
350	4.1	5.4608
350	4.4	5.5201
350	4.7	5.5809
350	5.0	5.6429
350	5.3	5.7061
350	5.6	5.7704
350	5.9	5.8357
350	6.2	5.9020
350	6.5	5.9691
350	6.8	6.0371
350	7.1	6.1060
350	7.4	6.1756
350	7.7	6.2459
350	8.0	6.3170
350	8.3	6.3888
350	8.6	6.4612
350	8.9	6.5343
350	9.2	6.6080
350	9.5	6.6824
350	9.8	6.7573
350	10.1	6.8329
350	10.4	6.9090
350	10.7	6.9857
350	11.0	7.0629
350	11.3	7.1406
350	11.6	7.2189
350	11.9	7.2978
350	12.2	7.3771
350	12.5	7.4569
350	12.8	7.5373
350	13.1	7.6181
350	13.4	7.6994
350	13.7	7.7812
350	14.0	7.8635
350	14.3	7.9462
350	14.6	8.0294
350	14.9	8.1130
350	15.2	8.1971
350	15.5	8.2817
350	15.8	8.3666

360	2.0	5.1828
360	2.3	5.2184
360	2.6	5.2643
360	2.9	5.3150
360	3.2	5.3691
360	3.5	5.4259
360	3.8	5.4850
360	4.1	5.5459
360	4.4	5.6084
360	4.7	5.6725
360	5.0	5.7379
360	5.3	5.8046
360	5.6	5.8724
360	5.9	5.9412
360	6.2	6.0111
360	6.5	6.0819
360	6.8	6.1536
360	7.1	6.2262
360	7.4	6.2996
360	7.7	6.3738
360	8.0	6.4488
360	8.3	6.5245
360	8.6	6.6009
360	8.9	6.6780
360	9.2	6.7558
360	9.5	6.8342
360	9.8	6.9133
360	10.1	6.9930
360	10.4	7.0733
360	10.7	7.1542
360	11.0	7.2357
360	11.3	7.3177
360	11.6	7.4003
360	11.9	7.4835
360	12.2	7.5672
360	12.5	7.6514
360	12.8	7.7362
360	13.1	7.8215
360	13.4	7.9073
360	13.7	7.9936
360	14.0	8.0804
360	14.3	8.1677
360	14.6	8.2555
360	14.9	8.3438
360	15.2	8.4325
360	15.5	8.5218
360	15.8	8.6114

370	2.0	5.2503
370	2.3	5.2878
370	2.6	5.3361
370	2.9	5.3895
370	3.2	5.4465
370	3.5	5.5063
370	3.8	5.5684
370	4.1	5.6325
370	4.4	5.6984
370	4.7	5.7658
370	5.0	5.8347
370	5.3	5.9049
370	5.6	5.9763
370	5.9	6.0488
370	6.2	6.1224
370	6.5	6.1969
370	6.8	6.2725
370	7.1	6.3489
370	7.4	6.4262
370	7.7	6.5044
370	8.0	6.5834
370	8.3	6.6631
370	8.6	6.7436
370	8.9	6.8248
370	9.2	6.9067
370	9.5	6.9893
370	9.8	7.0726
370	10.1	7.1566
370	10.4	7.2412
370	10.7	7.3264
370	11.0	7.4122
370	11.3	7.4987
370	11.6	7.5857
370	11.9	7.6733
370	12.2	7.7615
370	12.5	7.8503
370	12.8	7.9396
370	13.1	8.0295
370	13.4	8.1199
370	13.7	8.2108
370	14.0	8.3023
370	14.3	8.3943
370	14.6	8.4868
370	14.9	8.5799
370	15.2	8.6734
370	15.5	8.7674
370	15.8	8.8619

380	2.0	5.3190
380	2.3	5.3583
380	2.6	5.4091
380	2.9	5.4652
380	3.2	5.5251
380	3.5	5.5880
380	3.8	5.6533
380	4.1	5.7207
380	4.4	5.7900
380	4.7	5.8609
380	5.0	5.9333
380	5.3	6.0071
380	5.6	6.0821
380	5.9	6.1584
380	6.2	6.2358
380	6.5	6.3142
380	6.8	6.3937
380	7.1	6.4741
380	7.4	6.5554
380	7.7	6.6376
380	8.0	6.7206
380	8.3	6.8045
380	8.6	6.8892
380	8.9	6.9746
380	9.2	7.0608
380	9.5	7.1477
380	9.8	7.2353
380	10.1	7.3237
380	10.4	7.4127
380	10.7	7.5023
380	11.0	7.5926
380	11.3	7.6836
380	11.6	7.7752
380	11.9	7.8673
380	12.2	7.9601
380	12.5	8.0535
380	12.8	8.1475
380	13.1	8.2421
380	13.4	8.3372
380	13.7	8.4329
380	14.0	8.5292
380	14.3	8.6260
380	14.6	8.7234
380	14.9	8.8213
380	15.2	8.9197
380	15.5	9.0187
380	15.8	9.1182

390	2.0	5.3886
390	2.3	5.4300
390	2.6	5.4832
390	2.9	5.5422
390	3.2	5.6051
390	3.5	5.6711
390	3.8	5.7396
390	4.1	5.8104
390	4.4	5.8832
390	4.7	5.9576
390	5.0	6.0337
390	5.3	6.1112
390	5.6	6.1900
390	5.9	6.2701
390	6.2	6.3514
390	6.5	6.4337
390	6.8	6.5172
390	7.1	6.6016
390	7.4	6.6871
390	7.7	6.7734
390	8.0	6.8607
390	8.3	6.9488
390	8.6	7.0377
390	8.9	7.1275
390	9.2	7.2180
390	9.5	7.3093
390	9.8	7.4014
390	10.1	7.4942
390	10.4	7.5877
390	10.7	7.6819
390	11.0	7.7768
390	11.3	7.8724
390	11.6	7.9686
390	11.9	8.0655
390	12.2	8.1630
390	12.5	8.2612
390	12.8	8.3599
390	13.1	8.4593
390	13.4	8.5593
390	13.7	8.6599
390	14.0	8.7611
390	14.3	8.8628
390	14.6	8.9651
390	14.9	9.0680
390	15.2	9.1715
390	15.5	9.2755
390	15.8	9.3800

400	2.0	5.4594
400	2.3	5.5027
400	2.6	5.5586
400	2.9	5.6204
400	3.2	5.6863
400	3.5	5.7555
400	3.8	5.8275
400	4.1	5.9017
400	4.4	5.9780
400	4.7	6.0561
400	5.0	6.1358
400	5.3	6.2171
400	5.6	6.2998
400	5.9	6.3838
400	6.2	6.4691
400	6.5	6.5555
400	6.8	6.6431
400	7.1	6.7317
400	7.4	6.8213
400	7.7	6.9119
400	8.0	7.0034
400	8.3	7.0959
400	8.6	7.1892
400	8.9	7.2834
400	9.2	7.3784
400	9.5	7.4742
400	9.8	7.5708
400	10.1	7.6682
400	10.4	7.7664
400	10.7	7.8652
400	11.0	7.9648
400	11.3	8.0651
400	11.6	8.1661
400	11.9	8.2678
400	12.2	8.3701
400	12.5	8.4732
400	12.8	8.5768
400	13.1	8.6811
400	13.4	8.7861
400	13.7	8.8917
400	14.0	8.9979
400	14.3	9.1047
400	14.6	9.2121
400	14.9	9.3201
400	15.2	9.4287
400	15.5	9.5379
400	15.8	9.6476

410	2.0	5.5312
410	2.3	5.5766
410	2.6	5.6351
410	2.9	5.6998
410	3.2	5.7689
410	3.5	5.8414
410	3.8	5.9167
410	4.1	5.9945
410	4.4	6.0744
410	4.7	6.1562
410	5.0	6.2398
410	5.3	6.3250
410	5.6	6.4116
410	5.9	6.4997
410	6.2	6.5890
410	6.5	6.6796
410	6.8	6.7713
410	7.1	6.8641
410	7.4	6.9581
410	7.7	7.0530
410	8.0	7.1489
410	8.3	7.2458
410	8.6	7.3437
410	8.9	7.4424
410	9.2	7.5420
410	9.5	7.6424
410	9.8	7.7437
410	10.1	7.8457
410	10.4	7.9486
410	10.7	8.0522
410	11.0	8.1566
410	11.3	8.2618
410	11.6	8.3676
410	11.9	8.4742
410	12.2	8.5815
410	12.5	8.6895
410	12.8	8.7982
410	13.1	8.9076
410	13.4	9.0176
410	13.7	9.1283
410	14.0	9.2396
410	14.3	9.3516
410	14.6	9.4642
410	14.9	9.5775
410	15.2	9.6913
410	15.5	9.8058
410	15.8	9.9209

420	2.0	5.6041
420	2.3	5.6516
420	2.6	5.7128
420	2.9	5.7805
420	3.2	5.8528
420	3.5	5.9287
420	3.8	6.0075
420	4.1	6.0889
420	4.4	6.1725
420	4.7	6.2581
420	5.0	6.3456
420	5.3	6.4347
420	5.6	6.5254
420	5.9	6.6175
420	6.2	6.7110
420	6.5	6.8058
420	6.8	6.9019
420	7.1	6.9991
420	7.4	7.0974
420	7.7	7.1968
420	8.0	7.2972
420	8.3	7.3986
420	8.6	7.5010
420	8.9	7.6044
420	9.2	7.7086
420	9.5	7.8138
420	9.8	7.9198
420	10.1	8.0267
420	10.4	8.1344
420	10.7	8.2429
420	11.0	8.3522
420	11.3	8.4623
420	11.6	8.5732
420	11.9	8.6848
420	12.2	8.7972
420	12.5	8.9103
420	12.8	9.0241
420	13.1	9.1386
420	13.4	9.2538
420	13.7	9.3698
420	14.0	9.4864
420	14.3	9.6036
420	14.6	9.7216
420	14.9	9.8402
420	15.2	9.9594
420	15.5	10.0793
420	15.8	10.1999

430	2.0	5.6781
430	2.3	5.7277
430	2.6	5.7917
430	2.9	5.8624
430	3.2	5.9380
430	3.5	6.0173
430	3.8	6.0997
430	4.1	6.1848
430	4.4	6.2722
430	4.7	6.3617
430	5.0	6.4531
430	5.3	6.5463
430	5.6	6.6411
430	5.9	6.7375
430	6.2	6.8352
430	6.5	6.9344
430	6.8	7.0348
430	7.1	7.1364
430	7.4	7.2392
430	7.7	7.3432
430	8.0	7.4482
430	8.3	7.5543
430	8.6	7.6614
430	8.9	7.7694
430	9.2	7.8785
430	9.5	7.9885
430	9.8	8.0994
430	10.1	8.2111
430	10.4	8.3238
430	10.7	8.4373
430	11.0	8.5516
430	11.3	8.6668
430	11.6	8.7828
430	11.9	8.8995
430	12.2	9.0171
430	12.5	9.1354
430	12.8	9.2544
430	13.1	9.3742
430	13.4	9.4948
430	13.7	9.6160
430	14.0	9.7380
430	14.3	9.8607
430	14.6	9.9841
430	14.9	10.1082
430	15.2	10.2330
430	15.5	10.3584
430	15.8	10.4846

440	2.0	5.7531
440	2.3	5.8049
440	2.6	5.8717
440	2.9	5.9456
440	3.2	6.0245
440	3.5	6.1073
440	3.8	6.1934
440	4.1	6.2822
440	4.4	6.3735
440	4.7	6.4670
440	5.0	6.5625
440	5.3	6.6598
440	5.6	6.7589
440	5.9	6.8595
440	6.2	6.9616
440	6.5	7.0651
440	6.8	7.1700
440	7.1	7.2762
440	7.4	7.3836
440	7.7	7.4922
440	8.0	7.6019
440	8.3	7.7127
440	8.6	7.8246
440	8.9	7.9376
440	9.2	8.0515
440	9.5	8.1664
440	9.8	8.2823
440	10.1	8.3991
440	10.4	8.5168
440	10.7	8.6354
440	11.0	8.7548
440	11.3	8.8752
440	11.6	8.9964
440	11.9	9.1184
440	12.2	9.2412
440	12.5	9.3648
440	12.8	9.4893
440	13.1	9.6145
440	13.4	9.7404
440	13.7	9.8672
440	14.0	9.9947
440	14.3	10.1229
440	14.6	10.2519
440	14.9	10.3815
440	15.2	10.5120
440	15.5	10.6431
440	15.8	10.7448

450	2.0	5.8292
450	2.3	5.8833
450	2.6	5.9529
450	2.9	6.0300
450	3.2	6.1123
450	3.5	6.1987
450	3.8	6.2885
450	4.1	6.3812
450	4.4	6.4764
450	4.7	6.5740
450	5.0	6.6736
450	5.3	6.7752
450	5.6	6.8785
450	5.9	6.9835
450	6.2	7.0901
450	6.5	7.1982
450	6.8	7.3076
450	7.1	7.4184
450	7.4	7.5305
450	7.7	7.6439
450	8.0	7.7584
450	8.3	7.8741
450	8.6	7.9908
450	8.9	8.1087
450	9.2	8.2276
450	9.5	8.3476
450	9.8	8.4685
450	10.1	8.5904
450	10.4	8.7133
450	10.7	8.8371
450	11.0	8.9619
450	11.3	9.0875
450	11.6	9.2140
450	11.9	9.3414
450	12.2	9.4696
450	12.5	9.5987
450	12.8	9.7286
450	13.1	9.8593
450	13.4	9.9908
450	13.7	10.1231
450	14.0	10.2562
450	14.3	10.3901
450	14.6	10.5248
450	14.9	10.6602
450	15.2	10.7502
450	15.5	10.7564
450	15.8	10.7625

460	2.0	5.9064
460	2.3	5.9627
460	2.6	6.0353
460	2.9	6.1157
460	3.2	6.2015
460	3.5	6.2915
460	3.8	6.3851
460	4.1	6.4817
460	4.4	6.5810
460	4.7	6.6827
460	5.0	6.7866
460	5.3	6.8925
460	5.6	7.0002
460	5.9	7.1097
460	6.2	7.2208
460	6.5	7.3334
460	6.8	7.4476
460	7.1	7.5631
460	7.4	7.6800
460	7.7	7.7982
460	8.0	7.9176
460	8.3	8.0382
460	8.6	8.1600
460	8.9	8.2829
460	9.2	8.4069
460	9.5	8.5320
460	9.8	8.6581
460	10.1	8.7853
460	10.4	8.9134
460	10.7	9.0426
460	11.0	9.1727
460	11.3	9.3037
460	11.6	9.4356
460	11.9	9.5685
460	12.2	9.7022
460	12.5	9.8369
460	12.8	9.9724
460	13.1	10.1087
460	13.4	10.2459
460	13.7	10.3839
460	14.0	10.5228
460	14.3	10.6624
460	14.6	10.7556
460	14.9	10.7617
460	15.2	10.7679
460	15.5	10.7740
460	15.8	10.7801

470	2.0	5.9847
470	2.3	6.0433
470	2.6	6.1189
470	2.9	6.2026
470	3.2	6.2919
470	3.5	6.3857
470	3.8	6.4832
470	4.1	6.5838
470	4.4	6.6872
470	4.7	6.7931
470	5.0	6.9013
470	5.3	7.0116
470	5.6	7.1238
470	5.9	7.2379
470	6.2	7.3536
470	6.5	7.4710
470	6.8	7.5899
470	7.1	7.7102
470	7.4	7.8320
470	7.7	7.9551
470	8.0	8.0795
470	8.3	8.2052
470	8.6	8.3321
470	8.9	8.4602
470	9.2	8.5894
470	9.5	8.7197
470	9.8	8.8511
470	10.1	8.9836
470	10.4	9.1172
470	10.7	9.2517
470	11.0	9.3873
470	11.3	9.5238
470	11.6	9.6613
470	11.9	9.7997
470	12.2	9.9391
470	12.5	10.0794
470	12.8	10.2206
470	13.1	10.3627
470	13.4	10.5057
470	13.7	10.6496
470	14.0	10.7610
470	14.3	10.7671
470	14.6	10.7732
470	14.9	10.7793
470	15.2	10.7854
470	15.5	10.7915
470	15.8	10.7976

480	2.0	6.0640
480	2.3	6.1250
480	2.6	6.2037
480	2.9	6.2908
480	3.2	6.3837
480	3.5	6.4813
480	3.8	6.5827
480	4.1	6.6874
480	4.4	6.7950
480	4.7	6.9053
480	5.0	7.0179
480	5.3	7.1326
480	5.6	7.2494
480	5.9	7.3681
480	6.2	7.4886
480	6.5	7.6108
480	6.8	7.7345
480	7.1	7.8598
480	7.4	7.9865
480	7.7	8.1147
480	8.0	8.2442
480	8.3	8.3750
480	8.6	8.5071
480	8.9	8.6404
480	9.2	8.7750
480	9.5	8.9106
480	9.8	9.0475
480	10.1	9.1854
480	10.4	9.3244
480	10.7	9.4645
480	11.0	9.6057
480	11.3	9.7478
480	11.6	9.8910
480	11.9	10.0351
480	12.2	10.1803
480	12.5	10.3263
480	12.8	10.4734
480	13.1	10.6213
480	13.4	10.7662
480	13.7	10.7723
480	14.0	10.7784
480	14.3	10.7845
480	14.6	10.7906
480	14.9	10.7967
480	15.2	10.8029
480	15.5	10.8090
480	15.8	10.8151

490	2.0	6.1444
490	2.3	6.2079
490	2.6	6.2897
490	2.9	6.3802
490	3.2	6.4768
490	3.5	6.5783
490	3.8	6.6837
490	4.1	6.7926
490	4.4	6.9045
490	4.7	7.0191
490	5.0	7.1362
490	5.3	7.2555
490	5.6	7.3770
490	5.9	7.5004
490	6.2	7.6257
490	6.5	7.7528
490	6.8	7.8815
490	7.1	8.0118
490	7.4	8.1436
490	7.7	8.2769
490	8.0	8.4116
490	8.3	8.5477
490	8.6	8.6851
490	8.9	8.8238
490	9.2	8.9637
490	9.5	9.1048
490	9.8	9.2472
490	10.1	9.3907
490	10.4	9.5353
490	10.7	9.6810
490	11.0	9.8278
490	11.3	9.9757
490	11.6	10.1247
490	11.9	10.2746
490	12.2	10.4256
490	12.5	10.5776
490	12.8	10.7306
490	13.1	10.7775
490	13.4	10.7836
490	13.7	10.7897
490	14.0	10.7958
490	14.3	10.8019
490	14.6	10.8080
490	14.9	10.8141
490	15.2	10.8203
490	15.5	10.8264
490	15.8	10.8325

500	2.0	6.2259
500	2.3	6.2918
500	2.6	6.3768
500	2.9	6.4708
500	3.2	6.5712
500	3.5	6.6766
500	3.8	6.7862
500	4.1	6.8993
500	4.4	7.0156
500	4.7	7.1347
500	5.0	7.2563
500	5.3	7.3803
500	5.6	7.5066
500	5.9	7.6348
500	6.2	7.7650
500	6.5	7.8970
500	6.8	8.0308
500	7.1	8.1662
500	7.4	8.3032
500	7.7	8.4418
500	8.0	8.5818
500	8.3	8.7232
500	8.6	8.8660
500	8.9	9.0101
500	9.2	9.1556
500	9.5	9.3023
500	9.8	9.4502
500	10.1	9.5994
500	10.4	9.7497
500	10.7	9.9012
500	11.0	10.0538
500	11.3	10.2076
500	11.6	10.3624
500	11.9	10.5183
500	12.2	10.6753
500	12.5	10.7826
500	12.8	10.7887
500	13.1	10.7948
500	13.4	10.8009
500	13.7	10.8071
500	14.0	10.8132
500	14.3	10.8193
500	14.6	10.8254
500	14.9	10.8315
500	15.2	10.8376
500	15.5	10.8437
500	15.8	10.8498

